1.345261018606046331e-03
2.809525852807124302e-01
3.191758482044609879e-02
2.334369858953780005e-02
7.163057820946489192e-03
1.008327040021758519e-01
2.218959904519036269e-02
1.790954556504323076e-03
2.410848377803929271e-02
5.553494668204064094e-02
1.070115241975527027e-03
1.035103648725118342e-01
1.586099342664329739e-02
8.475854782878364246e-03
3.900595463550721870e-04
5.536190810645966742e-01
2.309648971229996128e-01
1.434390480918420661e-04
3.232767431413050008e-02
2.743299401438909282e-02
4.316281919368707143e-02
7.125340333806695582e-04
4.442498786903429156e-03
1.166470527369540926e-02
1.968294486068170035e-01
2.117654527942088860e-01
3.084605086318465417e-01
4.996352672026270203e-01
8.838479857912852344e-02
1.806159738101904833e-02
5.817443891608474471e-02
9.322244481141703787e-01
9.088465402390850656e-01
1.184552661931448925e-01
2.211412083149020755e-02
1.863738778993840771e-03
9.106357404182380960e-03
5.948833111052760463e-03
7.974686856481730951e-03
1.828373357752413053e-01
2.899327587866239175e-02
1.527045938783222912e-03
8.218927310945571552e-02
5.864564338809863386e-02
3.938580547509902552e-03
2.705464203533877732e-01
1.777602042774629743e-01
1.380299997171528271e-02
2.354079522815576500e-04
1.829586177426300447e-02
9.849039847561157357e-01
9.892535599316480965e-01
9.967745810240553617e-01
5.915429727123038273e-01
7.369979919947998726e-01
4.911358668634465685e-01
6.550490414512061266e-02
5.648508785963785028e-01
9.937047096725368789e-01
9.990880164674728059e-01
7.680310066132609581e-01
9.985995496920915260e-01
9.458781673637179921e-01
8.735717244294607386e-01
2.200671162999887076e-01
9.946606101594505089e-01
9.215890447583158229e-01
9.977110308239248715e-01
9.945679489669071449e-01
4.131849858129557629e-01
9.898966098267093505e-01
9.967219161214702083e-01
9.998249371625789195e-01
9.881765113239273646e-01
7.612642316321786007e-01
7.598659282980521068e-01
9.959116403489887137e-01
9.904456888639013856e-01
9.608702972441267587e-01
9.297029113399573053e-01
2.295480358749354965e-01
9.664733397141840321e-01
6.908506232179344453e-01
8.981950981439300596e-01
9.992210500280838126e-01
9.942491947615279546e-01
9.442409806595571942e-01
9.945723991740108572e-01
9.905588901508275423e-01
7.281471308049178859e-01
9.398187477668871193e-01
9.429751568374855619e-01
4.354567969794373994e-01
9.994614705987161507e-01
9.435173125299970431e-01
8.902726175446864509e-01
9.869587545513989202e-01
9.954498464177438111e-01
9.996325110530533964e-01
9.369800885471963880e-01
