3.847023724564454378e-02
4.586181428539316540e-01
6.485165598729067948e-01
1.269728480925595426e-01
1.515582113951029902e-02
3.052272107209505567e-03
4.909347258829175495e-15
5.881722691107268419e-01
1.437158667045896621e-01
2.221437300205102681e-03
4.825235030461008483e-03
1.530221444505166506e-01
4.410434356261989713e-04
2.507951578743061738e-01
6.871210149707281651e-06
5.985652172788934883e-02
1.561910766185528321e-01
6.519506697087366076e-01
2.461539570642019559e-01
3.054997756098322415e-02
1.039273186291722953e-02
4.176900749592830225e-02
6.210880032495420533e-01
5.630850877019297762e-01
9.785563364494077876e-02
1.862427798954130742e-01
9.089878452428699343e-04
2.953370124563938631e-02
2.773450770660674733e-02
1.667504026130312844e-01
2.350720229298276093e-02
2.060245444910449863e-01
5.140496735528760075e-02
1.509710413653081729e-01
7.692797356350290772e-02
3.506078998286226711e-01
5.036792528327356522e-02
9.633268147294772321e-01
3.854230655163838892e-01
9.807505629590015928e-02
1.784282111595657250e-01
9.371051879102081372e-01
2.315012776054728716e-01
1.135661930608832942e-01
1.191976861888004572e-06
5.941055646764488440e-02
4.426530144107583276e-01
7.138186779963889839e-02
6.138028084876737817e-02
6.344876439933639922e-01
8.145975723731949669e-01
5.227970612519986515e-01
6.070236453599936466e-01
9.139567220113278267e-01
7.768343758969704638e-01
9.938622845733317002e-01
5.969980577429060409e-01
5.604222511841706611e-01
8.856354197998231870e-01
9.127348867817550726e-01
9.616746502781312600e-01
8.744716876055914634e-01
3.452494415354957491e-01
9.902068678996915896e-01
9.349750830406551305e-01
9.729050662057872056e-01
9.460575050311043066e-01
7.606314139881404923e-01
8.000558167860757353e-01
9.410787813010046410e-01
9.953075884702342613e-01
6.920281683081493940e-01
9.081418265093972320e-01
8.714818190728796932e-01
9.475942470223713832e-01
9.375424731197008477e-01
9.908185412779371148e-01
9.263747636071613112e-01
9.895570191815978855e-01
6.040183144683958227e-01
3.051399884504771287e-01
9.946710424822887697e-01
9.009613362722924679e-01
9.867441368237225285e-01
9.012301276875323008e-01
9.656321404095663530e-01
9.693302021129860391e-01
9.135680378546328084e-01
9.356113024874176398e-01
8.652346337417955446e-01
5.955460078088173903e-01
8.233140875810894821e-01
7.916148187307062711e-01
8.243916471427356063e-01
9.214254091554983095e-01
9.422209250135737957e-01
9.649026350028629961e-01
9.255632972428580185e-01
9.461846561210356388e-01
8.293872866124603060e-01
