1.128717852863232451e-01
-8.786025693927266289e-01
7.544993703391900119e-01
1.593738509299219563e-01
8.569827941440834040e-01
2.765178145561653089e-01
1.616036736974109100e-01
9.298183462831066670e-01
9.919610863896224373e-01
8.816572059570368936e-01
1.029915855922924006e+00
7.787664443968774636e-03
-6.772094280923788290e-01
4.887214401641104544e-01
-1.136473494732257450e-01
6.463822480689653815e-01
4.656894174173697998e-01
7.497799912086939855e-01
-6.528419016382684958e-01
-5.690773717806685283e-01
-2.316783387505818581e-01
-5.682710834146362799e-01
1.281419119113564875e-01
-8.325204969744515182e-01
-9.135833241341728694e-01
-9.108193393917289882e-01
-5.506163770337622054e-01
-5.867420294388629998e-01
-6.133110326866351159e-01
6.808697294488261775e-01
5.097513798250763450e-01
1.059286849160285593e+00
2.015630330419178051e-01
-9.476261440543254366e-02
3.748339122996746653e-01
9.206562367530271018e-01
1.002103904843387738e-01
7.495659541189894082e-01
-4.777620609771986437e-01
6.824872628438525268e-01
-5.201614280881052821e-01
-1.569012063320016637e-01
-2.180318199404718271e-01
-6.130301148400421063e-01
3.688637356455011229e-01
9.357476583853023833e-01
7.394897841500419622e-01
4.497553344918249207e-01
9.203059789570660065e-01
-7.320623763857003752e-01
8.690436292142256214e-01
6.779930309230012275e-01
-9.198633193483551906e-02
-8.598227030310285485e-03
3.110366279470082596e-01
2.677211110196297539e-01
4.473783888281955834e-01
-9.942566653104294438e-01
-5.183727207619988064e-01
1.024491887518113264e+00
1.037869635027081960e+00
-5.483813149383736096e-01
-8.969824662547916105e-01
-2.627921009900227034e-01
8.821609539004446887e-01
5.522054299023206880e-01
8.973083096937157777e-01
-5.584730907403963052e-01
5.350337836173979511e-01
6.607217891341119476e-01
-6.650366892140482378e-01
1.244561016157822442e-01
-8.909614677869974741e-01
9.358778323933250043e-01
7.063108031403597664e-01
5.430135285478818741e-01
2.853690108859741059e-01
-9.478587568488339166e-01
2.328278737470780291e-01
1.147216372604262791e-01
2.116375172029473228e-01
-7.167712665338861200e-01
-9.249301804974798813e-01
5.488539993005545625e-01
-1.932463936694048812e-01
-8.458850707345624276e-01
-2.586093840234475749e-01
7.563953826428466698e-01
9.123295701671989555e-01
-4.993063452191925933e-01
-7.953794783160823556e-01
-3.766062530223805993e-01
8.695184130838251590e-01
3.552748692153814836e-02
1.057574759860026692e+00
2.248451836604843379e-01
-8.763423434978179216e-02
-8.751001842057357649e-01
-9.845812143736618616e-01
6.841048570786498750e-01
-7.645767596785075781e-01
6.308163394192134454e-02
9.130504691901102365e-01
3.061040103096467346e-01
8.013395958833386956e-01
-9.791399262456823571e-01
-5.515919498999437565e-01
-2.704720596422767187e-01
7.546908664750038298e-01
-8.092745005831076810e-01
4.448485282663128260e-02
-8.880827438923439843e-01
4.949296084623151515e-01
6.769527155859840217e-01
-9.128144064471728214e-01
-8.964110229675341657e-01
4.041026092463795294e-01
1.149506285223509394e-01
4.039584051625411121e-03
5.127154094053238964e-01
-4.341715981877793951e-01
1.862092281686780204e-01
2.041879073361130281e-02
-3.285379467948601473e-01
3.055276777715638659e-01
-2.559600306317335594e-01
-4.197806381652497976e-01
5.987961187830561638e-01
-7.943543381172837314e-01
1.053776934988805314e+00
1.783133761898202385e-01
1.554559378537063719e-01
-3.283140269372353259e-01
2.052158582299661305e-01
4.491976060380611924e-02
1.462033375015385772e-01
-9.356877161627035200e-01
-8.247470137364967258e-01
9.102449628614524002e-01
1.026582861134363700e+00
-5.973163230588625083e-01
-9.747447408742795361e-01
7.157163812116653645e-01
8.576152467846318572e-01
-5.514188389486589514e-01
-7.207485272455791403e-01
2.680612294083721814e-01
-7.093745091028207383e-01
-7.591938601525081154e-01
4.082553006715610167e-01
-9.853975605037290642e-01
-7.739555654308123422e-01
4.831726780360954265e-01
5.290849021147998599e-01
9.313304355784312039e-01
-7.190956476992056423e-01
-6.269654025644086914e-01
4.851354575894172294e-01
4.659932890642011216e-01
2.730176336564961725e-01
9.538825963612751480e-02
-2.394386548586648900e-01
9.797815045340614315e-01
6.645270457861701674e-02
6.153249177637469813e-01
-9.317982510087352566e-01
-6.948467575927281814e-01
-3.008789422376878520e-01
9.425318768936032932e-01
-6.724345646838081336e-01
1.627475589277125323e-01
8.861893381967154149e-01
5.126162222078924913e-01
4.574917787587189366e-01
7.819842776825760566e-01
-7.106431986734342843e-01
-1.916562874371248171e-01
7.534745872532456756e-01
-1.344748840049572181e-01
-6.708886636252060498e-01
4.450276657862572982e-02
3.300845806269201432e-01
-6.354322552494666709e-01
7.562689265095772218e-01
2.546356265894935689e-01
-8.420310856712402980e-01
-9.555837796315387322e-01
4.196287920482806300e-01
-6.365406748750892518e-01
2.939017104531779223e-01
7.735346267764207084e-01
-9.718890132741346832e-01
3.302352775862260614e-02
8.225236740305774674e-01
6.862268197774543665e-01
3.015216248422241119e-01
1.364432649846195611e-01
-5.928198080724236263e-01
3.132801851380833114e-01
1.038496552847364196e+00
