5.255088363846699130e-07
5.528744213403899953e-03
5.406541501346595374e-05
1.132901108260712556e-04
3.499385391912270362e-04
3.817503101735831433e-03
7.870039149792168454e-01
8.407550922057285088e-04
1.685979099143281414e-04
5.375051629324339650e-03
3.607978978153935645e-01
9.795894415311350301e-01
6.646688784425577867e-02
1.099904067356501878e-04
2.838326883041836224e-01
3.975391708842920119e-03
1.208321748520554267e-02
3.270325052507447317e-02
3.008706733294651660e-04
1.558339779879174859e-02
1.336220617939745670e-01
1.483563303213477139e-02
2.971073500578059329e-03
1.852082159336621570e-01
7.604361782166939587e-01
2.027305775879956196e-02
9.824402733258510989e-02
1.749286194813284932e-03
1.760005198102439217e-01
8.479608346653298989e-01
9.505634031840572932e-04
9.999999999998758771e-01
4.712671838559657567e-04
5.102396801081341381e-03
9.751924610763333667e-02
9.999999999999998890e-01
4.627258892778217218e-04
5.365130598119907597e-05
4.376721907517702737e-02
7.600243228396170482e-03
1.000000000000000000e+00
4.389212907313554991e-03
9.145988353423212258e-01
1.104665449249552824e-03
7.798209347397837016e-04
1.466024110682249190e-03
2.298792451699517656e-03
4.773068905938467055e-02
6.888764084305293290e-05
1.000000000000000000e+00
2.017106544574338856e-02
3.323626594462199073e-04
1.641550872686754542e-03
1.123444469414087432e-01
4.856146070318197107e-04
4.400131887592906299e-02
5.822280509429822448e-01
1.923041205398186987e-02
1.090252355028549849e-03
6.992620267569154072e-03
1.798353425840288215e-05
5.938919431338544885e-02
4.650741850841817043e-03
1.013182531986525662e-06
3.155220989400632284e-06
1.517279170991287784e-01
3.841080343970539740e-02
1.002973440768237245e-02
1.000000000000000000e+00
5.644245888659176829e-06
2.192730320231576699e-02
1.000000000000000000e+00
1.765792724871225947e-03
5.648627927915449848e-02
3.106412482722898383e-01
4.038396338065895893e-04
4.107214135957151790e-01
2.214053270658249972e-01
9.775419390572464163e-04
3.497520968824691115e-08
1.897644130697745748e-02
1.000000000000000000e+00
1.255950172968635110e-03
9.999999999997980504e-01
8.479102483725383665e-01
1.183068231492740291e-01
2.226488994957031078e-02
7.682390737085958120e-03
7.879409054707343235e-03
5.766450743491778348e-04
8.257442131019822051e-01
9.999707548996744633e-01
7.302340195936509360e-05
2.984427496666419797e-03
1.495507931474383302e-02
1.499083673252077486e-05
1.011877313334864498e-01
4.139571439299035149e-01
1.000000000000000000e+00
5.325361376394008653e-03
1.000000000000000000e+00
3.716886216976549007e-04
7.887386137633053962e-03
4.873818176032358208e-03
3.814226505229106369e-03
9.999999999897642988e-01
9.977458284421700796e-01
6.109062061143584188e-01
3.706082373433510768e-01
6.152660049464794834e-02
2.589934939078309371e-03
2.835358121619868752e-03
2.141442610308360184e-03
5.893913360581635277e-06
2.155571393137915501e-02
2.497473462347812433e-03
1.725575052315909443e-03
2.293074805270159111e-01
9.999999999999907851e-01
5.194067803253968676e-03
1.484748038955646839e-02
3.473331303801337460e-03
5.725421583003011388e-04
5.245354569682036487e-06
4.923519802856997363e-03
1.542360775732923425e-03
7.840251117749983713e-05
2.560186782207009015e-01
9.425710443155448440e-04
6.088513832306217122e-01
9.877981455580094883e-01
2.488932016389818215e-06
5.353378924740344845e-03
1.562085481378556811e-04
3.092651114316566276e-03
2.673461246148978523e-02
1.251116477967318119e-01
9.866719488978591412e-01
6.681384089454411868e-02
1.043031092044607436e-06
3.331888913252122552e-05
1.000000000000000000e+00
3.080715834770022046e-02
6.556402165920835468e-03
1.000000000000000000e+00
7.429694199273737844e-03
3.648439299855166934e-02
5.256188903108910487e-06
7.925419286591334211e-02
7.752337637806007431e-02
1.587523784468200874e-02
3.944435204066439569e-04
4.550486930195636625e-04
9.999999999999976685e-01
3.782366758596948653e-02
2.993839850080031728e-01
8.244616001113229675e-01
2.097222496526161915e-03
9.009477397427695378e-01
1.000000000000000000e+00
3.790240208934928770e-05
3.405684833373305576e-02
2.409108314335168255e-01
1.000000000000000000e+00
4.618468787513039511e-04
2.088962143789813361e-07
7.104129065752011996e-11
2.498033606326606091e-04
8.850252844478208036e-01
2.918963413327777933e-03
3.999911365506990651e-04
2.136383137274675340e-02
4.485272138533663924e-03
1.835069360723812215e-01
2.678104527620927058e-02
9.693706752572623861e-03
7.438957035198597023e-02
9.999999999999923395e-01
1.109291942969306251e-03
5.732533509271458931e-03
1.443991739934770945e-04
2.179184618639121856e-02
8.149213748911759980e-01
4.596280850590819811e-01
3.167405453743205208e-03
3.084820800491204495e-02
3.619820967976943589e-11
2.826433283225876171e-13
1.000000000000000000e+00
1.200791447684191049e-01
5.750368079867537729e-02
8.405470236222662263e-04
2.298025930767420566e-01
2.398642287854342667e-03
1.017183343771359017e-04
8.767953129893354077e-06
2.635340028945725721e-01
3.126178783388892674e-03
4.200226907438317866e-05
9.634775893408628056e-01
1.574377211346381089e-02
1.778723394742592050e-07
9.999999999972567499e-01
1.229688034366561294e-02
9.004273503376883066e-04
9.047770885690005829e-03
9.787600326854470900e-01
2.628947333546027484e-02
8.884171799017342996e-02
1.000000000000000000e+00
1.934115818469615833e-01
1.286957585610489169e-03
1.755651814833666391e-01
5.495665592162039814e-02
1.697965997977512742e-01
9.999999400363490665e-01
1.726604793702176104e-04
1.120162765829931222e-03
3.698810880652341621e-02
9.999999999184906452e-01
1.133544531306389727e-02
1.670732960763499642e-01
1.853994830746620304e-01
1.000000000000000000e+00
2.007289197619386428e-02
4.234820296650470254e-05
1.354768561058122545e-01
1.727453095505159204e-06
7.783922790296523946e-03
6.386616829158430191e-04
2.929228755164576022e-10
2.333752365388836181e-01
8.216382156134728609e-02
5.367770057517494734e-05
7.584340099104889830e-07
1.000000000000000000e+00
3.015222498765425183e-02
1.996511400274456061e-02
8.914201564733466657e-03
9.999999999818321994e-01
6.052058962848527388e-03
9.999201619238609062e-01
2.294334020353066324e-08
9.999999999937082551e-01
9.996576361990915371e-01
2.128062401357392469e-02
2.343308256623183750e-03
7.194475689531128898e-03
1.098255737551716337e-03
6.912953462330345689e-02
1.751551685206878496e-03
1.459025072456375614e-03
9.999999920993084546e-01
4.070993841354197213e-04
9.999999846825836647e-01
2.617588091421876872e-02
4.356087486535243497e-02
1.620197573896702548e-01
9.974031617687958429e-01
9.987253140393079764e-01
1.000000000000000000e+00
2.294737693521605685e-04
2.671958693825976158e-02
9.999686477683700225e-01
3.059117337045795526e-02
6.779685366430673876e-02
6.451481012447821684e-01
5.393103508660897476e-04
1.810782369451877224e-03
8.585066737290932221e-04
1.957088553759819367e-07
3.172052732963265894e-03
3.567480135373883499e-06
5.068260062316535961e-05
9.986123068577838248e-04
9.851236096848150492e-01
4.246489091807615648e-04
6.241961404883426823e-02
5.430787562667531128e-04
4.510473685324835162e-03
1.060169876847682005e-02
1.678382834294805514e-03
6.044036240451357636e-03
1.551771343992204046e-02
1.000000000000000000e+00
2.162783750456823140e-01
8.011491410422661996e-01
9.876164671646837923e-02
1.211781907724420251e-03
2.373743396535160297e-02
5.102001468516208921e-02
3.960803906640712746e-02
5.426793891524188289e-06
3.519533206870347847e-05
5.822280509429822448e-01
1.000000000000000000e+00
1.372505045974433679e-01
7.628697679621802841e-02
2.368401624044084324e-04
2.690864939435357733e-02
2.433403853631549707e-01
4.588074549257508544e-03
4.146926915420790644e-02
2.206467147186568778e-01
4.652116368890919507e-01
1.659595209419508681e-03
3.618644405517467549e-02
5.063310769573685366e-02
2.349716547276352041e-01
9.422041932875056640e-04
5.342741039746036133e-04
6.628778979969365825e-02
4.842257395142691295e-02
1.250307161678321406e-02
1.541000434245120166e-03
3.467800412408513222e-01
4.918294296979235924e-01
3.803814497799873906e-01
3.209900077532158225e-04
3.793078510689231429e-03
2.895196047926346106e-04
1.699646426379426353e-02
8.663925039647220050e-01
1.000000000000000000e+00
7.422217829033600500e-03
1.730453393814804786e-01
2.319437312662472883e-02
5.754724487443984605e-04
1.256224638545720140e-01
3.667481676234607010e-06
1.909628644793446781e-02
1.751551685206878496e-03
3.655453339564561245e-06
8.519124047634021174e-03
3.176205510425397227e-01
1.623350050335094774e-01
4.895961013477572246e-03
3.082222439529028863e-04
4.329860964681748293e-05
8.422347710214882392e-06
7.710728230941325118e-03
1.169454591579787986e-05
9.999999999999998890e-01
9.999999999999997780e-01
1.301227915360492482e-01
7.100209586691873243e-02
4.961718004981652622e-03
1.611373727271230228e-05
8.814343678237704927e-01
7.613135605533679663e-03
1.000000000000000000e+00
7.438888382410620802e-03
1.590639723496860324e-03
3.164534057298750563e-02
2.709812280034746071e-03
1.508093269947143877e-01
1.798605493286692739e-02
2.713075980245250457e-02
1.407134055890696227e-02
1.051229526981341473e-03
1.302060048567608123e-07
1.060503042458731462e-02
6.487877121193516006e-01
9.135286100797086473e-01
7.932356247401298188e-02
6.106077863208502210e-01
6.151314204873507829e-02
1.016274114531503202e-02
9.817297044245867355e-01
1.166546621533124245e-01
2.986182784643369725e-01
1.000000000000000000e+00
1.580468198450566894e-02
1.040127295044364214e-01
6.777521622776694690e-03
2.906286457634452147e-02
2.973548296584439463e-02
2.480055988720995808e-02
2.005743178472722259e-08
8.703756979003930694e-02
2.595123365956524819e-01
2.724751847197723821e-06
5.190250761536056856e-03
4.632119219803530925e-03
5.395903920643810303e-02
9.043239116425101989e-03
4.274048540394334225e-03
4.727319067651078216e-04
2.400362006796162660e-03
6.047752928855081598e-04
9.868999453729085936e-01
2.738503555496125540e-04
1.665126784516759995e-02
6.541484838645822419e-02
1.346852112093285987e-03
4.220549712259672934e-05
2.144525307192165706e-02
4.697595394831509223e-03
4.716375818122196806e-03
9.160099190406117975e-01
4.589789153538522000e-04
1.997558343787043510e-03
1.058559065071756943e-03
7.707679834579778122e-02
6.606622336469531419e-03
5.681869326504403547e-06
1.593169729041806967e-02
1.161426229720872172e-01
7.557415061248038378e-03
5.275058278277915472e-03
3.915979867180547844e-03
6.081596183296332780e-01
3.263812087384016631e-04
1.261088005767138352e-05
1.260910590900467948e-02
4.880882698111915219e-01
7.122932311374211792e-04
9.999999999999903411e-01
2.798576817358886079e-04
9.395318030892838568e-01
7.437908648478747109e-02
5.210543849793720234e-02
1.508843035250304887e-01
1.000000000000000000e+00
2.002859168649710959e-04
7.154362242706925785e-04
1.760440118036729748e-03
3.112953494177707770e-03
5.765779416084305664e-01
6.630808715671182227e-03
1.751551685206878496e-03
5.359729219493454544e-02
9.999999999441654408e-01
4.463599156750340524e-02
6.025500303101644084e-03
2.906342696276299764e-03
3.990180873569792314e-02
7.080108906102405841e-01
5.218940459194018439e-06
3.467800412408513222e-01
9.972537460798840125e-03
6.964978725600944054e-04
1.136719121610153538e-01
6.323980999492970212e-02
4.788104663934481670e-03
2.121865099775161346e-03
5.718073510907166349e-04
3.467800412408513222e-01
1.000000000000000000e+00
7.735143141546743095e-01
3.368468867790767596e-01
1.376705169723746180e-01
9.999983997135872826e-01
1.876655673590122897e-05
9.999999949968690904e-01
8.769183887276062184e-02
1.493843196411873131e-02
5.219805813979276970e-08
1.799712019489229167e-02
9.204039238913885153e-07
4.284981268214452244e-02
3.101273380895381437e-06
2.695263536575477903e-01
9.999999999999754641e-01
8.021324295459224540e-01
9.999999999999876765e-01
9.999999999999993339e-01
5.195934560234268489e-05
2.762650813959518503e-01
1.343997856909578958e-02
9.999999122438346655e-01
1.648136436643270284e-03
4.441267854595324537e-05
9.874900974919138541e-01
2.789998852865851518e-05
9.339990515473137511e-07
9.413875388809365280e-03
7.474674172319188797e-06
9.999999999992931210e-01
1.066740093543759160e-03
6.555790967264197977e-07
2.502115069383327550e-12
4.940784964611117693e-03
1.855096976899314742e-01
6.983181178308277559e-01
1.187545027395100483e-01
8.904662011449198111e-01
9.999641989755549965e-01
6.118005016222232686e-04
7.548734973821655259e-02
2.392751155687387985e-04
9.398250493239863612e-01
9.999999990515504589e-01
4.914839105065583677e-03
1.865810840865460840e-01
5.906166852555010394e-01
2.603706234129727660e-03
2.690671793155445608e-05
8.320943522217310040e-01
2.483419125377300178e-04
2.838347766600736732e-01
9.997194811367696721e-01
1.000000000000000000e+00
8.218698606167038068e-02
9.950968892386152526e-04
7.886435741533543136e-04
7.524067450045375527e-02
7.586595612375830614e-04
1.608176552314409882e-02
7.231835343917325520e-02
1.157042999849226469e-03
2.854342162269248862e-01
4.285155808233359620e-02
2.559542757788077494e-01
9.999999124739908929e-01
5.320830867549422409e-03
6.331240348977864967e-03
3.298678475063520632e-01
8.210519063449007657e-03
3.832408656462321823e-04
2.337079843260680186e-03
1.125100779401894341e-03
1.941600666921635548e-02
1.178745729642060799e-02
7.634169791903508157e-04
1.751551685206878496e-03
3.467800412408513222e-01
9.999999999998282485e-01
3.648802119736581362e-02
3.965431415128254505e-02
9.999999569020916468e-01
6.178155707899986998e-02
2.286745457296976783e-04
2.796612438249494932e-04
2.976552898712852007e-04
3.731745874791425055e-01
1.000000000000000000e+00
6.910230209143367608e-01
5.500878646406770489e-01
1.728901339047429764e-02
9.999999999987264632e-01
6.290102811756060480e-03
5.666196780436459461e-03
3.289894634716033009e-03
3.646470964745817268e-03
3.905698536725870085e-01
5.358039176583255514e-02
1.617605752710927483e-04
2.900592453617834173e-04
7.499714284067339086e-04
8.826686567908644809e-01
1.449994903300624860e-01
8.771965255701480392e-05
3.473536648447546685e-04
7.949760953074019171e-03
8.112300749008378997e-03
1.525522326443090604e-01
8.497918422170563999e-05
